1926 01 1926.042  119.7   9.8    31  
1926 02 1926.123  116.4   9.6    28  
1926 03 1926.204  104.2   9.1    31  
1926 04 1926.288   64.2   7.2    30  
1926 05 1926.371  107.0   9.2    31  
1926 06 1926.455  122.4   9.9    30  
1926 07 1926.538   87.2   8.3    31  
1926 08 1926.623  102.7   9.0    31  
1926 09 1926.707  101.4   9.0    30  
1926 10 1926.790  119.3   9.7    31  
1926 11 1926.874  100.8   9.0    30  
1926 12 1926.958  132.4  10.3    31  
1927 01 1927.042  136.0  10.4    31  
1927 02 1927.123  155.1  11.1    28  
1927 03 1927.204  116.1   9.6    31  
1927 04 1927.288  155.8  11.1    30  
1927 05 1927.371  131.9  10.2    31  
1927 06 1927.455   98.5   8.8    30  
1927 07 1927.538   91.6   8.5    31  
1927 08 1927.623   89.6   8.4    31  
1927 09 1927.707  114.1   9.5    30  
1927 10 1927.790  105.2   9.1    31  
1927 11 1927.874  112.1   9.4    30  
1927 12 1927.958   75.3   7.7    31  
1928 01 1928.042  139.2  10.5    31  
1928 02 1928.124  122.4   9.9    29  
1928 03 1928.206  142.4  10.7    31  
1928 04 1928.290  134.3  10.3    30  
1928 05 1928.373  128.3  10.1    31  
1928 06 1928.456  152.4  11.0    30  
1928 07 1928.540  163.4  11.4    31  
1928 08 1928.624  139.6  10.5    31  
1928 09 1928.708  149.6  10.9    30  
1928 10 1928.791  102.3   9.0    31  
1928 11 1928.874   83.9   8.2    30  
1928 12 1928.958   98.3   8.8    31  
1929 01 1929.042  114.8   9.6    31  
1929 02 1929.123  104.7   9.1    28  
1929 03 1929.204   83.8   8.2    31  
1929 04 1929.288   87.9   8.4    30  
1929 05 1929.371   97.0   8.8    31  
1929 06 1929.455  119.9   9.8    30  
1929 07 1929.538  117.1   9.6    31  
1929 08 1929.623  109.6   9.3    31  
1929 09 1929.707   57.3   6.8    30  
1929 10 1929.790   90.1   8.5    31  
1929 11 1929.874  135.1  10.4    30  
1929 12 1929.958  179.9  12.0    31  
1930 01 1930.042  108.8   9.3    31  
1930 02 1930.123   83.1   8.1    28  
1930 03 1930.204   58.4   6.8    31  
1930 04 1930.288   63.7   7.1    30  
1930 05 1930.371   61.4   7.0    31  
1930 06 1930.455   48.0   6.2    30  
1930 07 1930.538   36.5   5.4    31  
1930 08 1930.623   41.5   5.7    31  
1930 09 1930.707   53.5   6.5    30  
1930 10 1930.790   57.2   6.8    31  
1930 11 1930.874   59.4   6.9    30  
1930 12 1930.958   43.0   5.9    31  
1931 01 1931.042   24.4   4.5    31  
1931 02 1931.123   71.8   7.6    28  
1931 03 1931.204   50.1   6.3    31  
1931 04 1931.288   52.0   6.4    30  
1931 05 1931.371   40.8   5.7    31  
1931 06 1931.455   25.5   4.7    30  
1931 07 1931.538   29.0   4.8    31  
1931 08 1931.623   21.6   4.3    31  
1931 09 1931.707   31.7   5.0    30  
1931 10 1931.790   16.6   3.7    31  
1931 11 1931.874   31.2   5.1    30  
1931 12 1931.958   29.7   4.9    31  
1932 01 1932.042   20.1   4.1    31  
1932 02 1932.124   17.6   3.9    29  
1932 03 1932.206   18.8   4.0    31  
1932 04 1932.290   18.7   4.1    30  
1932 05 1932.373   29.7   4.9    31  
1932 06 1932.456   36.9   5.4    30  
1932 07 1932.540   16.0   3.8    31  
1932 08 1932.624   11.3   3.3    31  
1932 09 1932.708    6.6   2.7    30  
1932 10 1932.791   14.8   3.5    31  
1932 11 1932.874   13.7   3.5    30  
1932 12 1932.958   18.5   3.9    31  
1933 01 1933.042   20.4   4.2    31  
1933 02 1933.123   36.9   5.6    28  
1933 03 1933.204   16.8   3.8    31  
1933 04 1933.288    4.9   2.6    30  
1933 05 1933.371    5.3   2.6    31  
1933 06 1933.455    8.7   3.0    30  
1933 07 1933.538    4.7   2.6    31  
1933 08 1933.623    0.4   2.0    31  
1933 09 1933.707    8.5   3.0    30  
1933 10 1933.790    5.0   2.6    31  
1933 11 1933.874    1.0   2.1    30  
1933 12 1933.958    0.4   2.1    31  
1934 01 1934.042    5.7   2.7    31  
1934 02 1934.123   12.9   3.4    28  
1934 03 1934.204    7.2   2.8    31  
1934 04 1934.288   18.8   4.0    30  
1934 05 1934.371   32.9   5.2    31  
1934 06 1934.455   11.2   3.3    30  
1934 07 1934.538   15.3   3.7    31  
1934 08 1934.623   13.9   3.6    31  
1934 09 1934.707    6.7   2.8    30  
1934 10 1934.790    9.5   3.0    31  
1934 11 1934.874   14.5   3.6    30  
1934 12 1934.958   25.7   4.7    31  
1935 01 1935.042   31.1   5.0    31  
1935 02 1935.123   34.1   5.2    28  
1935 03 1935.204   38.5   5.6    31  
1935 04 1935.288   20.4   4.2    30  
1935 05 1935.371   45.4   6.1    31  
1935 06 1935.455   76.2   7.8    30  
1935 07 1935.538   56.5   6.7    31  
1935 08 1935.623   50.2   6.3    31  
1935 09 1935.707   70.1   7.5    30  
1935 10 1935.790   88.7   8.4    31  
1935 11 1935.874  107.0   9.2    30  
1935 12 1935.958  102.5   9.0    31  
1936 01 1936.042  104.7   9.1    31  
1936 02 1936.124  123.9   9.9    29  
1936 03 1936.206  128.4  10.1    31  
1936 04 1936.290  124.8  10.0    30  
1936 05 1936.373   90.9   8.5    31  
1936 06 1936.456  116.7   9.6    30  
1936 07 1936.540   87.2   8.3    31  
1936 08 1936.624  145.0  10.7    31  
1936 09 1936.708  126.7  10.0    30  
1936 10 1936.791  148.2  10.9    31  
1936 11 1936.874  192.3  12.4    30  
1936 12 1936.958  205.6  12.8    31  
1937 01 1937.042  220.9  13.3    31  
1937 02 1937.123  214.1  13.0    28  
1937 03 1937.204  139.7  10.5    31  
1937 04 1937.288  182.2  12.0    30  
1937 05 1937.371  194.4  12.4    31  
1937 06 1937.455  217.1  13.1    30  
1937 07 1937.538  241.8  13.9    31  
1937 08 1937.623  229.5  13.5    31  
1937 09 1937.707  167.9  11.6    30  
1937 10 1937.790  208.2  12.9    31  
1937 11 1937.874  123.9   9.9    30  
1937 12 1937.958  147.9  10.8    31  
1938 01 1938.042  164.0  11.4    31  
1938 02 1938.123  198.6  12.6    28  
1938 03 1938.204  144.2  10.7    31  
1938 04 1938.288  168.4  11.6    30  
1938 05 1938.371  212.3  13.0    31  
1938 06 1938.455  162.6  11.4    30  
1938 07 1938.538  275.6  14.8    31  
1938 08 1938.623  192.8  12.4    31  
1938 09 1938.707  149.3  10.9    30  
1938 10 1938.790  165.3  11.5    31  
1938 11 1938.874  203.6  12.7    30  
1938 12 1938.958  154.7  11.1    31  
1939 01 1939.042  133.9  10.3    31  
1939 02 1939.123  129.0  10.1    28  
1939 03 1939.204  107.8   9.3    31  
1939 04 1939.288  181.9  12.0    30  
1939 05 1939.371  197.3  12.5    31  
1939 06 1939.455  168.3  11.6    30  
1939 07 1939.538  162.6  11.4    31  
1939 08 1939.623  176.3  11.8    31  
1939 09 1939.707  187.7  12.2    30  
1939 10 1939.790  146.9  10.8    31  
1939 11 1939.874  113.7   9.5    30  
1939 12 1939.958   70.2   7.5    31  
1940 01 1940.042   84.1   8.2    31  
1940 02 1940.124   99.1   8.9    29  
1940 03 1940.206  138.9  10.5    31  
1940 04 1940.290  101.1   9.0    30  
1940 05 1940.373   90.6   8.5    31  
1940 06 1940.456  139.8  10.5    30  
1940 07 1940.540  112.5   9.5    31  
1940 08 1940.624  175.9  11.8    31  
1940 09 1940.708  110.8   9.4    30  
1940 10 1940.791   91.5   8.5    31  
1940 11 1940.874   97.4   8.8    30  
1940 12 1940.958  113.8   9.5    31  
1941 01 1941.042   76.1   7.8    31  
1941 02 1941.123   74.3   7.7    28  
1941 03 1941.204   77.5   7.8    31  
1941 04 1941.288   54.6   6.6    30  
1941 05 1941.371   49.0   6.3    31  
1941 06 1941.455   99.6   8.9    30  
1941 07 1941.538  111.4   9.4    31  
1941 08 1941.623  100.1   8.9    31  
1941 09 1941.707  109.8   9.4    30  
1941 10 1941.790   77.2   7.8    31  
1941 11 1941.874   64.0   7.2    30  
1941 12 1941.958   56.2   6.7    31  
1942 01 1942.042   59.5   6.9    31  
1942 02 1942.123   87.9   8.4    28  
1942 03 1942.204   90.4   8.5    31  
1942 04 1942.288  101.2   9.0    30  
1942 05 1942.371   41.8   5.8    31  
1942 06 1942.455   18.9   4.0    30  
1942 07 1942.538   29.6   4.9    31  
1942 08 1942.623   33.7   5.2    31  
1942 09 1942.707   28.7   4.8    30  
1942 10 1942.790   32.0   5.1    31  
1942 11 1942.874   51.3   6.4    30  
1942 12 1942.958   37.6   5.5    31  
1943 01 1943.042   20.7   4.1    31  
1943 02 1943.123   48.1   6.2    28  
1943 03 1943.204   45.7   6.0    31  
1943 04 1943.288   43.5   5.9    30  
1943 05 1943.371   23.6   4.3    31  
1943 06 1943.455   12.7   3.4    30  
1943 07 1943.538   22.0   4.3    31  
1943 08 1943.623   32.3   5.1    31  
1943 09 1943.707   16.7   3.9    30  
1943 10 1943.790   13.0   3.4    31  
1943 11 1943.874   17.0   3.9    30  
1943 12 1943.958   31.4   5.1    31  
1944 01 1944.042    6.1   2.7    31  
1944 02 1944.124    0.8   2.1    29  
1944 03 1944.206   18.3   4.0    31  
1944 04 1944.290    0.4   2.1    30  
1944 05 1944.373    4.1   2.6    31  
1944 06 1944.456    8.2   2.8    30  
1944 07 1944.540    8.5   2.9    31  
1944 08 1944.624   27.9   4.8    31  
1944 09 1944.708   23.7   4.4    30  
1944 10 1944.791   28.1   4.8    31  
1944 11 1944.874   17.9   3.9    30  
1944 12 1944.958   47.4   6.2    31  
1945 01 1945.042   30.8   5.0    31  
1945 02 1945.123   21.2   4.2    28  
1945 03 1945.204   35.9   5.4    31  
1945 04 1945.288   53.4   6.5    30  
1945 05 1945.371   51.0   6.4    31  
1945 06 1945.455   60.2   6.9    30  
1945 07 1945.538   71.0   7.5    31  
1945 08 1945.623   43.1   5.9    31  
1945 09 1945.707   58.1   6.8    30  
1945 10 1945.790  114.5   9.5    31  
1945 11 1945.874   76.6   7.8    30  
1945 12 1945.958   45.7   6.0    31  
1946 01 1946.042   79.3   7.9    31  
1946 02 1946.123  143.8  10.7    28  
1946 03 1946.204  127.7  10.1    31  
1946 04 1946.288  126.1  10.0    30  
1946 05 1946.371  141.6  10.6    31  
1946 06 1946.455  122.6   9.9    30  
1946 07 1946.538  193.7  12.4    31  
1946 08 1946.623  178.7  11.9    31  
1946 09 1946.707  157.4  11.2    30  
1946 10 1946.790  170.5  11.6    31  
1946 11 1946.874  206.3  12.8    30  
1946 12 1946.958  202.9  12.7    31  
1947 01 1947.042  163.7   8.5    31  
1947 02 1947.123  188.9   9.2    28  
1947 03 1947.204  183.8   9.1    31  
1947 04 1947.288  212.1   9.7    30  
1947 05 1947.371  285.0  11.3    31  
1947 06 1947.455  232.1  10.2    30  
1947 07 1947.538  223.5  10.0    31  
1947 08 1947.623  267.4  10.9    31  
1947 09 1947.707  239.9  10.4    30  
1947 10 1947.790  231.7  10.2    31  
1947 11 1947.874  181.3   9.0    30  
1947 12 1947.958  164.9   8.6    31  
1948 01 1948.042  153.6   8.3    31  
1948 02 1948.124  122.0   7.4    29  
1948 03 1948.206  134.3   7.7    31  
1948 04 1948.290  268.5  11.0    30  
1948 05 1948.373  246.4  10.5    31  
1948 06 1948.456  237.5  10.3    30  
1948 07 1948.540  201.4   9.5    31  
1948 08 1948.624  223.7  10.0    31  
1948 09 1948.708  202.9   9.5    30  
1948 10 1948.791  192.9   9.3    31  
1948 11 1948.874  135.6   7.8    30  
1948 12 1948.958  195.3   9.3    31  
1949 01 1949.042  168.6   8.7    31  
1949 02 1949.123  258.0  10.8    28  
1949 03 1949.204  223.0  10.0    31  
1949 04 1949.288  208.1   9.7    30  
1949 05 1949.371  150.4   8.2    31  
1949 06 1949.455  172.4   8.8    30  
1949 07 1949.538  178.3   8.9    31  
1949 08 1949.623  175.3   8.9    31  
1949 09 1949.707  205.8   9.6    30  
1949 10 1949.790  186.3   9.1    31  
1949 11 1949.874  203.2   9.5    30  
1949 12 1949.958  166.6   8.6    31  
1950 01 1950.042  143.9   8.0    31  
1950 02 1950.123  134.3   7.7    28  
1950 03 1950.204  155.4   8.3    31  
1950 04 1950.288  160.6   8.5    30  
1950 05 1950.371  150.5   8.2    31  
1950 06 1950.455  118.3   7.3    30  
1950 07 1950.538  128.9   7.6    31  
1950 08 1950.623  120.6   7.3    31  
1950 09 1950.707   72.7   5.7    30  
1950 10 1950.790   87.0   6.2    31  
1950 11 1950.874   77.7   5.9    30  
1950 12 1950.958   76.7   5.9    31  
1951 01 1951.042   85.0   6.2    31  
1951 02 1951.123   84.8   6.1    28  
1951 03 1951.204   79.3   5.9    31  
1951 04 1951.288  131.7   7.7    30  
1951 05 1951.371  153.7   8.3    31  
1951 06 1951.455  142.4   8.0    30  
1951 07 1951.538   87.2   6.2    31  
1951 08 1951.623   86.5   6.2    31  
1951 09 1951.707  117.7   7.2    30  
1951 10 1951.790   73.3   5.7    31  
1951 11 1951.874   74.2   5.7    30  
1951 12 1951.958   65.0   5.4    31  
1952 01 1952.042   57.9   5.1    31  
1952 02 1952.124   32.4   3.8    29  
1952 03 1952.206   31.5   3.8    31  
1952 04 1952.290   41.7   4.3    30  
1952 05 1952.373   33.6   3.9    31  
1952 06 1952.456   52.0   4.8    30  
1952 07 1952.540   56.1   5.0    31  
1952 08 1952.624   77.8   5.9    31  
1952 09 1952.708   40.4   4.3    30  
1952 10 1952.791   34.2   3.9    31  
1952 11 1952.874   31.8   3.8    30  
1952 12 1952.958   48.9   4.7    31  
1953 01 1953.042   37.9   4.1    31  
1953 02 1953.123    5.9   1.7    28  
1953 03 1953.204   14.7   2.6    31  
1953 04 1953.288   39.6   4.2    30  
1953 05 1953.371   18.3   2.9    31  
1953 06 1953.455   31.5   3.8    30  
1953 07 1953.538   12.7   2.4    31  
1953 08 1953.623   33.6   3.9    31  
1953 09 1953.707   28.0   3.6    30  
1953 10 1953.790   12.3   2.4    31  
1953 11 1953.874    2.5   1.1    30  
1953 12 1953.958    3.9   1.3    31  
1954 01 1954.042    0.4   0.4    31  
1954 02 1954.123    0.8   0.6    28  
1954 03 1954.204   15.8   2.7    31  
1954 04 1954.288    2.7   1.1    30  
1954 05 1954.371    1.2   0.7    31  
1954 06 1954.455    0.4   0.4    30  
1954 07 1954.538    7.3   1.9    31  
1954 08 1954.623   12.6   2.4    31  
1954 09 1954.707    2.3   1.0    30  
1954 10 1954.790   10.5   2.2    31  
1954 11 1954.874   13.4   2.5    30  
1954 12 1954.958   11.3   2.3    31  
1955 01 1955.042   33.4   3.9    31  
1955 02 1955.123   29.9   3.7    28  
1955 03 1955.204    7.3   1.9    31  
1955 04 1955.288   16.4   2.7    30  
1955 05 1955.371   41.3   4.3    31  
1955 06 1955.455   45.2   4.5    30  
1955 07 1955.538   38.2   4.1    31  
1955 08 1955.623   58.0   5.1    31  
1955 09 1955.707   60.8   5.2    30  
1955 10 1955.790   83.0   6.1    31  
1955 11 1955.874  126.3   7.5    30  
1955 12 1955.958  108.8   6.9    31  
1956 01 1956.042  104.1   6.8    31  
1956 02 1956.124  175.6   8.9    29  
1956 03 1956.206  167.7   8.6    31  
1956 04 1956.290  156.7   8.4    30  
1956 05 1956.373  193.4   9.3    31  
1956 06 1956.456  165.1   8.6    30  
1956 07 1956.540  182.7   9.0    31  
1956 08 1956.624  240.2  10.4    31  
1956 09 1956.708  245.4  10.5    30  
1956 10 1956.791  219.9   9.9    31  
1956 11 1956.874  285.0  11.3    30  
1956 12 1956.958  272.0  11.0    31  
1957 01 1957.042  233.7  10.2    31  
1957 02 1957.123  184.5   9.1    28  
1957 03 1957.204  222.8  10.0    31  
1957 04 1957.288  248.0  10.5    30  
1957 05 1957.371  233.0  10.2    31  
1957 06 1957.455  284.3  11.3    30  
1957 07 1957.538  265.1  10.9    31  
1957 08 1957.623  223.7  10.0    31  
1957 09 1957.707  334.0  12.3    30  
1957 10 1957.790  359.4  12.7    31  
1957 11 1957.874  298.6  11.6    30  
1957 12 1957.958  339.0  12.3    31  
1958 01 1958.042  286.7  11.3    31  
1958 02 1958.123  233.6  10.2    28  
1958 03 1958.204  270.0  11.0    31  
1958 04 1958.288  277.6  11.2    30  
1958 05 1958.371  248.2  10.5    31  
1958 06 1958.455  242.9  10.4    30  
1958 07 1958.538  271.0  11.0    31  
1958 08 1958.623  283.5  11.3    31  
1958 09 1958.707  285.1  11.3    30  
1958 10 1958.790  256.9  10.7    31  
1958 11 1958.874  215.6   9.8    30  
1958 12 1958.958  265.7  10.9    31  
1959 01 1959.042  307.7  11.7    31  
1959 02 1959.123  202.6   9.5    28  
1959 03 1959.204  263.0  10.9    31  
1959 04 1959.288  231.3  10.2    30  
1959 05 1959.371  243.6  10.4    31  
1959 06 1959.455  238.9  10.3    30  
1959 07 1959.538  211.9   9.7    31  
1959 08 1959.623  282.6  11.3    31  
1959 09 1959.707  205.6   9.6    30  
1959 10 1959.790  157.7   8.4    31  
1959 11 1959.874  175.6   8.9    30  
1959 12 1959.958  177.1   8.9    31  
1960 01 1960.042  207.2   9.6    31  
1960 02 1960.124  149.9   8.2    29  
1960 03 1960.206  144.6   8.0    31  
1960 04 1960.290  172.7   8.8    30  
1960 05 1960.373  169.3   8.7    31  
1960 06 1960.456  156.0   8.3    30  
1960 07 1960.540  172.4   8.8    31  
1960 08 1960.624  190.0   9.2    31  
1960 09 1960.708  180.1   9.0    30  
1960 10 1960.791  117.3   7.2    31  
1960 11 1960.874  126.9   7.5    30  
1960 12 1960.958  121.2   7.4    31  
1961 01 1961.042   82.1   6.0    31  
1961 02 1961.123   65.4   5.4    28  
1961 03 1961.204   75.2   5.8    31  
1961 04 1961.288   86.9   6.2    30  
1961 05 1961.371   72.3   5.7    31  
1961 06 1961.455  109.5   7.0    30  
1961 07 1961.538   99.3   6.6    31  
1961 08 1961.623   79.2   6.0    31  
1961 09 1961.707   90.1   6.3    30  
1961 10 1961.790   53.7   4.9    31  
1961 11 1961.874   46.5   4.6    30  
1961 12 1961.958   56.9   5.0    31  
1962 01 1962.042   55.1   5.0    31  
1962 02 1962.123   71.7   5.7    28  
1962 03 1962.204   64.9   5.4    31  
1962 04 1962.288   65.9   5.4    30  
1962 05 1962.371   61.9   5.2    31  
1962 06 1962.455   59.6   5.2    30  
1962 07 1962.538   31.4   3.8    31  
1962 08 1962.623   31.5   3.8    31  
1962 09 1962.707   72.7   5.7    30  
1962 10 1962.790   56.1   5.0    31  
1962 11 1962.874   38.8   4.2    30  
1962 12 1962.958   33.2   3.9    31  
1963 01 1963.042   28.7   3.6    31  
1963 02 1963.123   35.2   4.0    28  
1963 03 1963.204   24.8   3.4    31  
1963 04 1963.288   41.7   4.3    30  
1963 05 1963.371   61.1   5.2    31  
1963 06 1963.455   51.2   4.8    30  
1963 07 1963.538   28.7   3.6    31  
1963 08 1963.623   47.5   4.6    31  
1963 09 1963.707   55.2   5.0    30  
1963 10 1963.790   50.1   4.7    31  
1963 11 1963.874   33.7   3.9    30  
1963 12 1963.958   21.6   3.2    31  
1964 01 1964.042   22.6   3.2    31  
1964 02 1964.124   25.3   3.4    29  
1964 03 1964.206   24.1   3.3    31  
1964 04 1964.290   12.9   2.5    30  
1964 05 1964.373   14.3   2.6    31  
1964 06 1964.456   13.5   2.5    30  
1964 07 1964.540    4.8   1.5    31  
1964 08 1964.624   13.8   2.5    31  
1964 09 1964.708    7.0   1.8    30  
1964 10 1964.791    9.2   2.1    31  
1964 11 1964.874   11.1   2.3    30  
1964 12 1964.958   22.1   3.2    31  
1965 01 1965.042   25.4   3.4    31  
1965 02 1965.123   20.8   3.1    28  
1965 03 1965.204   17.5   2.8    31  
1965 04 1965.288   10.2   2.2    30  
1965 05 1965.371   34.5   3.9    31  
1965 06 1965.455   23.3   3.3    30  
1965 07 1965.538   17.3   2.8    31  
1965 08 1965.623   13.3   2.5    31  
1965 09 1965.707   24.5   3.4    30  
1965 10 1965.790   29.1   3.6    31  
1965 11 1965.874   22.8   3.2    30  
1965 12 1965.958   24.7   3.4    31  
1966 01 1966.042   40.3   4.3    31  
1966 02 1966.123   35.3   4.0    28  
1966 03 1966.204   36.4   4.0    31  
1966 04 1966.288   69.0   5.5    30  
1966 05 1966.371   64.2   5.3    31  
1966 06 1966.455   67.7   5.5    30  
1966 07 1966.538   80.2   6.0    31  
1966 08 1966.623   72.6   5.7    31  
1966 09 1966.707   71.1   5.6    30  
1966 10 1966.790   81.2   6.0    31  
1966 11 1966.874   81.0   6.0    30  
1966 12 1966.958   99.8   6.7    31  
1967 01 1967.042  157.0   8.4    31  
1967 02 1967.123  132.6   7.7    28  
1967 03 1967.204  158.3   8.4    31  
1967 04 1967.288   98.4   6.6    30  
1967 05 1967.371  122.5   7.4    31  
1967 06 1967.455   95.4   6.5    30  
1967 07 1967.538  129.5   7.6    31  
1967 08 1967.623  151.8   8.2    31  
1967 09 1967.707  108.7   7.0    30  
1967 10 1967.790  125.0   7.5    31  
1967 11 1967.874  133.6   7.7    30  
1967 12 1967.958  179.0   8.9    31  
1968 01 1968.042  172.5   8.8    31  
1968 02 1968.124  158.5   8.4    29  
1968 03 1968.206  130.5   7.6    31  
1968 04 1968.290  115.0   7.2    30  
1968 05 1968.373  180.0   9.0    31  
1968 06 1968.456  156.2   8.3    30  
1968 07 1968.540  136.2   7.8    31  
1968 08 1968.624  154.8   8.3    31  
1968 09 1968.708  166.0   8.6    30  
1968 10 1968.791  152.5   8.2    31  
1968 11 1968.874  121.7   7.4    30  
1968 12 1968.958  155.5   8.3    31  
1969 01 1969.042  147.8   8.1    31  
1969 02 1969.123  170.5   8.7    28  
1969 03 1969.204  192.3   9.3    31  
1969 04 1969.288  151.1   8.2    30  
1969 05 1969.371  169.9   8.7    31  
1969 06 1969.455  150.1   8.2    30  
1969 07 1969.538  137.1   7.8    31  
1969 08 1969.623  138.8   7.9    31  
1969 09 1969.707  129.3   7.6    30  
1969 10 1969.790  135.4   7.8    31  
1969 11 1969.874  132.4   7.7    30  
1969 12 1969.958  138.6   7.9    31  
1970 01 1970.042  157.9   8.4    31  
1970 02 1970.123  180.8   9.0    28  
1970 03 1970.204  145.7   8.1    31  
1970 04 1970.288  155.1   8.3    30  
1970 05 1970.371  180.5   9.0    31  
1970 06 1970.455  151.3   8.2    30  
1970 07 1970.538  159.3   8.4    31  
1970 08 1970.623  131.7   7.7    31  
1970 09 1970.707  140.8   7.9    30  
1970 10 1970.790  122.6   7.4    31  
1970 11 1970.874  134.8   7.8    30  
1970 12 1970.958  118.2   7.2    31  
1971 01 1971.042  129.2   7.6    31  
1971 02 1971.123  111.8   7.0    28  
1971 03 1971.204   85.9   6.2    31  
1971 04 1971.288  101.6   6.7    30  
1971 05 1971.371   81.5   6.0    31  
1971 06 1971.455   70.7   5.6    30  
1971 07 1971.538  114.7   7.1    31  
1971 08 1971.623   87.0   6.2    31  
1971 09 1971.707   71.3   5.6    30  
1971 10 1971.790   73.4   5.7    31  
1971 11 1971.874   89.5   6.3    30  
1971 12 1971.958  116.5   7.2    31  
1972 01 1972.042   87.0   6.2    31  
1972 02 1972.124  125.3   7.5    29  
1972 03 1972.206  113.5   7.1    31  
1972 04 1972.290   89.6   6.3    30  
1972 05 1972.373  113.9   7.1    31  
1972 06 1972.456  124.7   7.4    30  
1972 07 1972.540  108.3   6.9    31  
1972 08 1972.624  108.9   7.0    31  
1972 09 1972.708   90.7   6.4    30  
1972 10 1972.791   86.9   6.2    31  
1972 11 1972.874   59.2   5.2    30  
1972 12 1972.958   64.3   5.4    31  
1973 01 1973.042   61.8   5.2    31  
1973 02 1973.123   60.9   5.2    28  
1973 03 1973.204   65.4   5.4    31  
1973 04 1973.288   81.8   6.0    30  
1973 05 1973.371   60.3   5.2    31  
1973 06 1973.455   56.1   5.0    30  
1973 07 1973.538   33.2   3.9    31  
1973 08 1973.623   36.6   4.1    31  
1973 09 1973.707   84.1   6.1    30  
1973 10 1973.790   43.7   4.4    31  
1973 11 1973.874   34.3   3.9    30  
1973 12 1973.958   33.3   3.9    31  
1974 01 1974.042   39.4   4.2    31  
1974 02 1974.123   37.3   4.1    28  
1974 03 1974.204   30.9   3.8    31  
1974 04 1974.288   57.5   5.1    30  
1974 05 1974.371   56.3   5.0    31  
1974 06 1974.455   51.5   4.8    30  
1974 07 1974.538   79.1   5.9    31  
1974 08 1974.623   47.9   4.6    31  
1974 09 1974.707   57.2   5.0    30  
1974 10 1974.790   67.2   5.5    31  
1974 11 1974.874   35.9   4.0    30  
1974 12 1974.958   29.6   3.7    31  
1975 01 1975.042   27.3   3.5    31  
1975 02 1975.123   16.7   2.8    28  
1975 03 1975.204   16.9   2.8    31  
1975 04 1975.288    7.7   1.9    30  
1975 05 1975.371   13.1   2.5    31  
1975 06 1975.455   16.7   2.8    30  
1975 07 1975.538   40.4   4.3    31  
1975 08 1975.623   56.7   5.0    31  
1975 09 1975.707   20.3   3.1    30  
1975 10 1975.790   13.6   2.5    31  
1975 11 1975.874   27.9   3.6    30  
1975 12 1975.958   11.6   2.3    31  
1976 01 1976.042   11.9   2.3    31  
1976 02 1976.124    6.4   1.7    29  
1976 03 1976.206   31.5   3.8    31  
1976 04 1976.290   27.3   3.5    30  
1976 05 1976.373   18.2   2.9    31  
1976 06 1976.456   17.9   2.9    30  
1976 07 1976.540    2.9   1.2    31  
1976 08 1976.624   24.1   3.3    31  
1976 09 1976.708   20.0   3.0    30  
1976 10 1976.791   29.7   3.7    31  
1976 11 1976.874    7.9   1.9    30  
1976 12 1976.958   22.3   3.2    31  
1977 01 1977.042   23.8   3.3    31  
1977 02 1977.123   33.3   3.9    28  
1977 03 1977.204   13.0   2.5    31  
1977 04 1977.288   19.0   3.0    30  
1977 05 1977.371   27.0   3.5    31  
1977 06 1977.455   54.9   5.0    30  
1977 07 1977.538   30.6   3.7    31  
1977 08 1977.623   43.0   4.4    31  
1977 09 1977.707   62.4   5.3    30  
1977 10 1977.790   62.1   5.3    31  
1977 11 1977.874   41.6   4.3    30  
1977 12 1977.958   61.4   5.2    31  
1978 01 1978.042   73.7   5.7    31  
1978 02 1978.123  132.6   7.7    28  
1978 03 1978.204  108.4   6.9    31  
1978 04 1978.288  141.2   7.9    30  
1978 05 1978.371  117.1   7.2    31  
1978 06 1978.455  134.6   7.8    30  
1978 07 1978.538   99.7   6.7    31  
1978 08 1978.623   82.4   6.0    31  
1978 09 1978.707  195.7   9.3    30  
1978 10 1978.790  177.1   8.9    31  
1978 11 1978.874  138.5   7.9    30  
1978 12 1978.958  173.9   8.8    31  
1979 01 1979.042  235.9  10.3    31  
1979 02 1979.123  194.7   9.3    28  
1979 03 1979.204  195.3   9.3    31  
1979 04 1979.288  143.7   8.0    30  
1979 05 1979.371  190.3   9.2    31  
1979 06 1979.455  211.7   9.7    30  
1979 07 1979.538  225.7  10.0    31  
1979 08 1979.623  201.4   9.5    31  
1979 09 1979.707  266.9  10.9    30  
1979 10 1979.790  263.6  10.9    31  
1979 11 1979.874  259.5  10.8    30  
1979 12 1979.958  249.6  10.6    31  
1980 01 1980.042  226.1  10.1    31  
1980 02 1980.124  219.4   9.9    29  
1980 03 1980.206  178.7   8.9    31  
1980 04 1980.290  232.2  10.2    30  
1980 05 1980.373  254.7  10.7    31  
1980 06 1980.456  222.7  10.0    30  
1980 07 1980.540  192.9   9.3    31  
1980 08 1980.624  191.7   9.3    31  
1980 09 1980.708  219.6   9.9    30  
1980 10 1980.791  233.3  10.2    31  
1980 11 1980.874  209.5   9.7    30  
1980 12 1980.958  246.9  10.5    31  
1981 01 1981.042  156.6   9.5   271  
1981 02 1981.123  189.9  12.4   229  
1981 03 1981.204  196.6  11.6   244  
1981 04 1981.288  225.3  14.9   254  
1981 05 1981.371  194.7  13.4   268  
1981 06 1981.455  131.6   9.5   227  
1981 07 1981.538  205.3  13.0   268  
1981 08 1981.623  242.5  13.9   276  
1981 09 1981.707  245.3  18.5   255  
1981 10 1981.790  216.2  12.1   243  
1981 11 1981.874  186.0  14.2   248  
1981 12 1981.958  195.4  11.9   266  
1982 01 1982.042  149.8  10.2   287  
1982 02 1982.123  230.9  13.6   256  
1982 03 1982.204  221.1  11.4   263  
1982 04 1982.288  170.3   8.3   284  
1982 05 1982.371  119.3   8.5   318  
1982 06 1982.455  163.7  11.2   313  
1982 07 1982.538  139.4  14.0   292  
1982 08 1982.623  161.9  11.8   301  
1982 09 1982.707  167.4   9.7   308  
1982 10 1982.790  134.3  10.4   308  
1982 11 1982.874  127.5  18.6   244  
1982 12 1982.958  169.0  15.4   262  
1983 01 1983.042  115.5   8.7   267  
1983 02 1983.123   73.1   6.3   261  
1983 03 1983.204   88.7   7.1   259  
1983 04 1983.288  109.6   9.7   282  
1983 05 1983.371  132.5   9.4   330  
1983 06 1983.455  131.5   8.2   361  
1983 07 1983.538  108.9   7.3   431  
1983 08 1983.623   96.0   8.4   429  
1983 09 1983.707   69.9   5.5   397  
1983 10 1983.790   72.5   7.0   431  
1983 11 1983.874   45.7   7.3   363  
1983 12 1983.958   45.6   5.5   405  
1984 01 1984.042   74.8   6.5   399  
1984 02 1984.124  110.2   8.1   377  
1984 03 1984.206  116.7   8.7   395  
1984 04 1984.290   90.4   7.6   407  
1984 05 1984.373   96.9   7.0   462  
1984 06 1984.456   65.1   5.4   438  
1984 07 1984.540   55.7   5.1   468  
1984 08 1984.624   35.0   3.4   509  
1984 09 1984.708   22.6   3.9   429  
1984 10 1984.791   12.6   3.8   428  
1984 11 1984.874   26.5   4.7   394  
1984 12 1984.958   21.4   3.9   397  
1985 01 1985.042   17.8   3.9   425  
1985 02 1985.123   20.7   3.8   412  
1985 03 1985.204   16.9   3.9   389  
1985 04 1985.288   20.4   3.7   468  
1985 05 1985.371   32.4   3.7   457  
1985 06 1985.455   28.3   3.9   465  
1985 07 1985.538   39.9   3.8   540  
1985 08 1985.623   10.1   3.5   546  
1985 09 1985.707    4.3   2.4   511  
1985 10 1985.790   22.0   4.2   486  
1985 11 1985.874   17.9   2.6   422  
1985 12 1985.958   15.8   4.6   422  
1986 01 1986.042    2.8   2.8   460  
1986 02 1986.123   27.9   3.6   420  
1986 03 1986.204   13.8   3.8   433  
1986 04 1986.288   22.4   4.1   449  
1986 05 1986.371   16.1   3.6   530  
1986 06 1986.455    0.6   2.1   494  
1986 07 1986.538   18.1   3.9   510  
1986 08 1986.623    9.9   2.3   567  
1986 09 1986.707    5.1   3.0   505  
1986 10 1986.790   40.1   4.4   507  
1986 11 1986.874   15.4   4.3   515  
1986 12 1986.958    5.8   2.8   544  
1987 01 1987.042    9.8   2.7   487  
1987 02 1987.123    3.4   2.6   429  
1987 03 1987.204   17.4   3.0   501  
1987 04 1987.288   46.0   4.4   581  
1987 05 1987.371   39.1   3.5   566  
1987 06 1987.455   18.8   3.5   586  
1987 07 1987.538   38.2   4.3   645  
1987 08 1987.623   47.9   3.3   619  
1987 09 1987.707   42.2   3.5   609  
1987 10 1987.790   63.4   4.8   501  
1987 11 1987.874   48.8   5.1   417  
1987 12 1987.958   29.1   3.2   455  
1988 01 1988.042   70.5   5.5   484  
1988 02 1988.124   45.4   4.6   525  
1988 03 1988.206   91.2   5.7   516  
1988 04 1988.290  108.8   6.7   562  
1988 05 1988.373   74.2   6.1   582  
1988 06 1988.456  124.3   8.3   574  
1988 07 1988.540  131.4   9.6   605  
1988 08 1988.624  139.4   9.0   649  
1988 09 1988.708  142.7   9.4   551  
1988 10 1988.791  156.5   9.7   530  
1988 11 1988.874  156.8   8.9   488  
1988 12 1988.958  231.2  13.5   490  
1989 01 1989.042  210.1  15.0   536  
1989 02 1989.123  208.7  12.7   489  
1989 03 1989.204  170.4  10.2   573  
1989 04 1989.288  166.3   9.7   534  
1989 05 1989.371  195.4  10.6   668  
1989 06 1989.455  284.5  15.5   619  
1989 07 1989.538  180.5  10.2   673  
1989 08 1989.623  232.0  13.5   639  
1989 09 1989.707  225.1  14.9   585  
1989 10 1989.790  212.2  11.2   562  
1989 11 1989.874  238.2  15.2   550  
1989 12 1989.958  211.4  13.5   504  
1990 01 1990.042  227.4  13.6   516  
1990 02 1990.123  171.8  11.3   518  
1990 03 1990.204  191.7  11.0   592  
1990 04 1990.288  189.7  10.1   575  
1990 05 1990.371  175.2  10.0   691  
1990 06 1990.455  153.3   9.1   599  
1990 07 1990.538  191.1   9.8   661  
1990 08 1990.623  252.1  12.8   714  
1990 09 1990.707  169.1   9.2   622  
1990 10 1990.790  199.4  12.6   605  
1990 11 1990.874  178.8  12.3   536  
1990 12 1990.958  197.1  12.6   479  
1991 01 1991.042  195.3  14.5   552  
1991 02 1991.123  240.3  13.9   493  
1991 03 1991.204  197.0  11.8   546  
1991 04 1991.288  197.6  11.9   590  
1991 05 1991.371  166.9   9.9   625  
1991 06 1991.455  224.7  12.9   620  
1991 07 1991.538  240.2  13.7   661  
1991 08 1991.623  240.8  14.3   707  
1991 09 1991.707  168.9  11.3   621  
1991 10 1991.790  197.1  13.2   524  
1991 11 1991.874  159.5  10.1   487  
1991 12 1991.958  212.6  14.1   506  
1992 01 1992.042  198.3  12.9   566  
1992 02 1992.124  230.7  14.5   590  
1992 03 1992.206  151.0   9.2   537  
1992 04 1992.290  142.2   9.5   660  
1992 05 1992.373   94.3   7.7   746  
1992 06 1992.456   98.5   6.6   706  
1992 07 1992.540  114.2   7.7   761  
1992 08 1992.624   91.9   6.7   794  
1992 09 1992.708   94.0   5.5   764  
1992 10 1992.791  133.4   8.2   623  
1992 11 1992.874  129.6   8.2   559  
1992 12 1992.958  122.0   8.4   539  
1993 01 1993.042   81.4   5.9   583  
1993 02 1993.123  127.8   8.3   551  
1993 03 1993.204  102.4   6.6   739  
1993 04 1993.288   94.4   6.7   719  
1993 05 1993.371   78.8   5.7   752  
1993 06 1993.455   69.6   5.4   706  
1993 07 1993.538   80.4   5.4   699  
1993 08 1993.623   62.5   5.0   809  
1993 09 1993.707   31.2   4.5   709  
1993 10 1993.790   71.1   5.5   630  
1993 11 1993.874   48.2   4.4   551  
1993 12 1993.958   68.4   5.9   562  
1994 01 1994.042   84.9   6.6   582  
1994 02 1994.123   54.9   4.8   539  
1994 03 1994.204   47.5   4.1   728  
1994 04 1994.288   27.4   3.9   763  
1994 05 1994.371   29.8   4.1   789  
1994 06 1994.455   39.7   5.0   789  
1994 07 1994.538   50.6   4.3   865  
1994 08 1994.623   34.3   3.2   876  
1994 09 1994.707   40.5   4.1   735  
1994 10 1994.790   67.1   4.2   657  
1994 11 1994.874   29.5   4.7   591  
1994 12 1994.958   32.2   3.5   610  
1995 01 1995.042   32.6   5.3   630  
1995 02 1995.123   45.8   3.9   620  
1995 03 1995.204   46.3   3.8   706  
1995 04 1995.288   21.6   3.6   698  
1995 05 1995.371   19.4   2.8   781  
1995 06 1995.455   22.5   3.8   747  
1995 07 1995.538   20.4   3.1   842  
1995 08 1995.623   18.2   3.6   854  
1995 09 1995.707   15.7   3.0   708  
1995 10 1995.790   30.6   3.7   734  
1995 11 1995.874   14.0   3.7   594  
1995 12 1995.958   14.9   3.6   515  
1996 01 1996.042   13.3   3.4   535  
1996 02 1996.124    7.7   3.4   532  
1996 03 1996.206   12.6   3.1   621  
1996 04 1996.290    6.8   2.5   678  
1996 05 1996.373    7.6   3.1   676  
1996 06 1996.456   16.5   2.9   682  
1996 07 1996.540   11.8   2.6   766  
1996 08 1996.624   19.7   3.5   759  
1996 09 1996.708    3.0   2.5   656  
1996 10 1996.791    0.7   2.1   630  
1996 11 1996.874   24.9   4.4   536  
1996 12 1996.958   14.0   2.9   543  
1997 01 1997.042    7.4   3.2   497  
1997 02 1997.123   11.0   2.9   545  
1997 03 1997.204   12.1   2.4   627  
1997 04 1997.288   23.0   3.3   663  
1997 05 1997.371   25.4   2.8   716  
1997 06 1997.455   20.8   2.5   656  
1997 07 1997.538   12.9   4.2   700  
1997 08 1997.623   35.7   3.8   723  
1997 09 1997.707   59.7   4.8   661  
1997 10 1997.790   32.8   3.6   623  
1997 11 1997.874   50.4   4.7   465  
1997 12 1997.958   55.5   4.6   418  
1998 01 1998.042   44.5   4.6   521  
1998 02 1998.123   50.2   4.6   559  
1998 03 1998.204   82.0   5.9   571  
1998 04 1998.288   70.6   7.2   537  
1998 05 1998.371   74.0   4.8   620  
1998 06 1998.455   90.5   6.0   521  
1998 07 1998.538   96.7   6.3   597  
1998 08 1998.623  121.1   7.4   586  
1998 09 1998.707  132.0   8.6   502  
1998 10 1998.790   78.5   6.6   432  
1998 11 1998.874   97.3   6.8   472  
1998 12 1998.958  119.2   9.4   435  
1999 01 1999.042   86.0   7.6   475  
1999 02 1999.123   98.0   7.6   446  
1999 03 1999.204  103.5   6.8   518  
1999 04 1999.288   93.6   7.5   569  
1999 05 1999.371  149.6   8.5   630  
1999 06 1999.455  207.2  10.5   567  
1999 07 1999.538  173.5   9.3   594  
1999 08 1999.623  142.3  12.9   649  
1999 09 1999.707  106.3   6.5   624  
1999 10 1999.790  168.7  10.4   531  
1999 11 1999.874  188.3  12.3   406  
1999 12 1999.958  116.8   9.3   404  
2000 01 2000.042  133.1  10.4   450  
2000 02 2000.124  165.7  10.4   490  
2000 03 2000.206  217.7  11.9   456  
2000 04 2000.290  191.5  10.2   529  
2000 05 2000.373  165.9  10.1   551  
2000 06 2000.456  188.0   8.8   532  
2000 07 2000.540  244.3  12.0   507  
2000 08 2000.624  180.5   9.4   626  
2000 09 2000.708  156.0  11.2   558  
2000 10 2000.791  141.6   8.0   483  
2000 11 2000.874  158.1   8.9   380  
2000 12 2000.958  143.3   8.7   391  
2001 01 2001.042  142.6   9.2   437  
2001 02 2001.123  121.5   8.1   453  
2001 03 2001.204  165.8  11.9   485  
2001 04 2001.288  161.7   9.4   578  
2001 05 2001.371  142.1   8.3   578  
2001 06 2001.455  202.9  10.8   586  
2001 07 2001.538  123.0   8.4   645  
2001 08 2001.623  161.5   9.3   654  
2001 09 2001.707  238.2  12.1   518  
2001 10 2001.790  194.1  11.3   628  
2001 11 2001.874  176.6  13.3   509  
2001 12 2001.958  213.4  12.5   487  
2002 01 2002.042  184.6  11.7   500  
2002 02 2002.123  170.2  11.3   475  
2002 03 2002.204  147.1   9.1   580  
2002 04 2002.288  186.9   9.8   603  
2002 05 2002.371  187.5   9.7   595  
2002 06 2002.455  128.8   7.7   569  
2002 07 2002.538  161.0  11.0   628  
2002 08 2002.623  175.6   9.8   663  
2002 09 2002.707  187.9  10.1   554  
2002 10 2002.790  151.2   8.0   543  
2002 11 2002.874  147.2   8.2   470  
2002 12 2002.958  135.3  10.0   408  
2003 01 2003.042  133.5   7.4   482  
2003 02 2003.123   75.7   5.7   538  
2003 03 2003.204  100.7   7.5   633  
2003 04 2003.288   97.9   6.4   619  
2003 05 2003.371   86.8   6.6   606  
2003 06 2003.455  118.7   7.9   672  
2003 07 2003.538  128.3   7.9   677  
2003 08 2003.623  115.4   7.3   721  
2003 09 2003.707   78.5   5.8   685  
2003 10 2003.790   97.8   8.8   570  
2003 11 2003.874   82.9   6.3   443  
2003 12 2003.958   72.2   5.3   441  
2004 01 2004.042   60.6   5.2   491  
2004 02 2004.124   74.6   6.0   479  
2004 03 2004.206   74.8   5.1   594  
2004 04 2004.290   59.2   5.1   601  
2004 05 2004.373   72.8   5.7   614  
2004 06 2004.456   66.5   6.8   646  
2004 07 2004.540   83.8   8.8   709  
2004 08 2004.624   69.7   5.5   686  
2004 09 2004.708   48.8   5.3   604  
2004 10 2004.791   74.2   5.5   539  
2004 11 2004.874   70.1   5.4   477  
2004 12 2004.958   28.9   3.4   442  
2005 01 2005.042   48.1   4.6   536  
2005 02 2005.123   43.5   4.3   500  
2005 03 2005.204   39.6   3.8   607  
2005 04 2005.288   38.7   3.8   598  
2005 05 2005.371   61.9   5.7   641  
2005 06 2005.455   56.8   5.3   675  
2005 07 2005.538   62.4   6.1   678  
2005 08 2005.623   60.5   5.3   706  
2005 09 2005.707   37.2   4.5   691  
2005 10 2005.790   13.2   3.4   534  
2005 11 2005.874   27.5   4.1   499  
2005 12 2005.958   59.3   3.9   419  
2006 01 2006.042   20.9   3.4   511  
2006 02 2006.123    5.7   3.7   434  
2006 03 2006.204   17.3   4.2   502  
2006 04 2006.288   50.3   5.1   550  
2006 05 2006.371   37.2   3.9   566  
2006 06 2006.455   24.5   3.3   566  
2006 07 2006.538   22.2   2.4   628  
2006 08 2006.623   20.8   2.5   650  
2006 09 2006.707   23.7   3.0   567  
2006 10 2006.790   14.9   2.4   537  
2006 11 2006.874   35.7   3.5   444  
2006 12 2006.958   22.3   3.5   415  
2007 01 2007.042   29.3   2.8   474  
2007 02 2007.123   18.4   2.7   423  
2007 03 2007.204    7.2   2.8   611  
2007 04 2007.288    5.4   2.4   650  
2007 05 2007.371   19.5   3.3   615  
2007 06 2007.455   21.3   3.4   607  
2007 07 2007.538   15.1   1.9   703  
2007 08 2007.623    9.8   2.2   669  
2007 09 2007.707    4.0   2.1   637  
2007 10 2007.790    1.5   2.4   547  
2007 11 2007.874    2.8   2.5   437  
2007 12 2007.958   17.3   3.1   468  
2008 01 2008.042    4.1   2.8   480  
2008 02 2008.124    2.9   2.4   490  
2008 03 2008.206   15.5   2.7   548  
2008 04 2008.290    3.6   2.3   562  
2008 05 2008.373    4.6   3.2   637  
2008 06 2008.456    5.2   2.3   637  
2008 07 2008.540    0.6   2.0   664  
2008 08 2008.624    0.3   2.0   525  
2008 09 2008.708    1.2   2.4   605  
2008 10 2008.791    4.2   2.9   571  
2008 11 2008.874    6.6   2.4   445  
2008 12 2008.958    1.0   2.0   480  
2009 01 2009.042    1.3   2.0   317  
2009 02 2009.123    1.2   2.2   385  
2009 03 2009.204    0.6   2.0   523  
2009 04 2009.288    1.2   2.2   586  
2009 05 2009.371    2.9   2.4   610  
2009 06 2009.455    6.3   2.7   623  
2009 07 2009.538    5.5   2.6   671  
2009 08 2009.623    0.0   2.0   691  
2009 09 2009.707    7.1   2.2   628  
2009 10 2009.790    7.7   2.7   564  
2009 11 2009.874    6.9   3.2   452  
2009 12 2009.958   16.3   3.5   415  
2010 01 2010.042   19.5   2.5   413  
2010 02 2010.123   28.5   2.7   376  
2010 03 2010.204   24.0   3.6   564  
2010 04 2010.288   10.4   3.3   592  
2010 05 2010.371   13.9   3.4   573  
2010 06 2010.455   18.8   3.0   600  
2010 07 2010.538   25.2   3.4   718  
2010 08 2010.623   29.6   3.4   689  
2010 09 2010.707   36.4   4.0   505  
2010 10 2010.790   33.6   3.9   501  
2010 11 2010.874   34.4   3.7   404  
2010 12 2010.958   24.5   3.6   393  
2011 01 2011.042   27.3   3.1   417  
2011 02 2011.123   48.3   5.1   399  
2011 03 2011.204   78.6   6.9   566  
2011 04 2011.288   76.1   6.2   557  
2011 05 2011.371   58.2   5.0   607  
2011 06 2011.455   56.1   5.0   544  
2011 07 2011.538   64.5   4.8   549  
2011 08 2011.623   65.8   5.6   605  
2011 09 2011.707  120.1   8.8   535  
2011 10 2011.790  125.7   9.0   503  
2011 11 2011.874  139.1   9.9   434  
2011 12 2011.958  109.3   8.4   361  
2012 01 2012.042   94.4   7.1   386  
2012 02 2012.124   47.8   4.4   388  
2012 03 2012.206   86.6   7.3   500  
2012 04 2012.290   85.9   6.9   479  
2012 05 2012.373   96.5   7.2   543  
2012 06 2012.456   92.0   6.5   498  
2012 07 2012.540  100.1   7.3   601  
2012 08 2012.624   94.8   6.5   612  
2012 09 2012.708   93.7   8.1   511  
2012 10 2012.791   76.5   5.1   493  
2012 11 2012.874   87.6   6.5   382  
2012 12 2012.958   56.8   5.1   360  
2013 01 2013.042   96.1   6.3   362  
2013 02 2013.123   60.9   4.4   363  
2013 03 2013.204   78.3   6.1   429  
2013 04 2013.288  107.3   6.8   509  
2013 05 2013.371  120.2   8.2   487  
2013 06 2013.455   76.7   5.2   469  
2013 07 2013.538   86.2   6.7   575  
2013 08 2013.623   91.8   6.6   563  
2013 09 2013.707   54.5   5.3   446  
2013 10 2013.790  114.4   8.2   421  
2013 11 2013.874  113.9   8.2   321  
2013 12 2013.958  124.2   9.1   402  
2014 01 2014.042  117.0   8.2   398  
2014 02 2014.123  146.1  10.7   384  
2014 03 2014.204  128.7   8.6   493  
2014 04 2014.288  112.5   6.9   486  
2014 05 2014.371  112.5   7.5   493  
2014 06 2014.455  102.9   7.7   469  
2014 07 2014.538  100.2   7.4   477  
2014 08 2014.623  106.9   7.6   486  
2014 09 2014.707  130.0   8.7   419  
2014 10 2014.790   90.0   6.9   440  
2014 11 2014.874  103.6   8.5   397  
2014 12 2014.958  112.9   7.4   331  
2015 01 2015.042   93.0   7.5   546  
2015 02 2015.123   66.7   5.3   442  
2015 03 2015.204   54.5   4.8   628  
2015 04 2015.288   75.3   8.2   847  
2015 05 2015.371   88.8   8.6   895  
2015 06 2015.455   66.5   6.3   826  
2015 07 2015.538   65.8   5.7   977  
2015 08 2015.623   64.4   5.2   892  
2015 09 2015.707   78.6   6.4   862  
2015 10 2015.790   63.6   5.4   662  
2015 11 2015.874   62.2   5.2   622  
2015 12 2015.958   58.0   5.4   704  
2016 01 2016.042   57.0   4.7   634  
2016 02 2016.124   56.4   5.1   662  
2016 03 2016.206   54.1   4.9   873  
2016 04 2016.288   37.9   3.5   865  
2016 05 2016.373   51.5   4.7   878  
2016 06 2016.455   20.5   2.0   942  
2016 07 2016.540   32.4   3.8  1025  
2016 08 2016.624   50.2   4.5  1067  
2016 09 2016.706   44.6   3.8   900  
2016 10 2016.791   33.4   3.1   782  
2016 11 2016.873   21.4   2.6   689  
2016 12 2016.958   18.5   2.4   623  
2017 01 2017.042   26.1   2.5   830  
2017 02 2017.122   26.4   3.7   542  
2017 03 2017.204   17.7   2.6  1011  
2017 04 2017.286   32.3   3.7   920  
2017 05 2017.371   18.9   1.8  1101  
2017 06 2017.453   19.2   1.4  1136  
2017 07 2017.538   17.8   2.6  1093  
2017 08 2017.623   32.6   2.9  1002  
2017 09 2017.705   43.7   4.1   973  
2017 10 2017.790   13.2   1.0  1125  
2017 11 2017.873    5.7   0.5   997  
2017 12 2017.958    8.2   1.2   714  
2018 01 2018.042    6.8   1.5   701  
2018 02 2018.122   10.7   1.1   917  
2018 03 2018.204    2.5   0.4  1081  
2018 04 2018.286    8.9   1.3   996  
2018 05 2018.371   13.1   1.6  1234  
2018 06 2018.453   15.6   1.6  1070  
2018 07 2018.538    1.6   0.6  1269
2018 08 2018.623    8.8   0.8  1111
2018 09 2018.705    3.3   0.5  1067